  -13    +2   +10
  +10    +0   -15
   -5   +13   +10
   +0    -3    +0
   -7    -7    +2
   +0    +0    +5
   -8    -3    +8
   +5    -8    -3
  +13    -5   -12
  -15   +18    +5
   +2    -5    +0
   -5    +0    +5
   +0    -8    +2
   +5    +6    -7
  +13    -3   -10
   -5    +3   +22
   -8   -14    -7
   +3   +21    +2
   +7   -10    +5
  -10   +15    -7
   +0    -7    -5
  +15    -8    +5
  -17    +8    -3
   +2   +10    +3
   -7    +4   -18
  +10    -7   +20
   -3   -15    -7
   +3    -3    +5
   -5   +13    +2
  +12   -10    -2
  -15    +0    +0
  +10    -8    +5
   +0    +5    +7
   +3    +8   -15
   +0   +10    +8
   -3   -10    +0
   +5    +8    -3
   +0    +2    -2
   -5    -7    +5
   -7    -3    +0
   +5   +10    -5
   -5   -12    -5
  +15    +0   +15
   -5   +12    +0
   -8    -7    +0
   +5   +10    -8
   -2   -18    -2
   +2   +10    +2
   -2    -7    -2
   -3    -9    -5
  +15   +14    +0
  -17    +5    +5
   +7   -21    +5
   +5   +21   -10
  -12    -3    +7
   +5    -2    +3
   +2    -5    -5
   +5    +0    -3
   -5    +0    +5
   -2    +2    -2
  +10    -8    +7
   -5    +6    -5
  -13    +7    +8
  +15   -13   -15
   -2    +6    -3
   -3    +2   +15
   +3    +3   -12
   +2    +0    +5
   -2    +0   -10
  -13    +2    +5
  +10    -7    +5
   +3    +7    -3
  -13   -13    -2
  +15   +18    +7
  +10    +0    +3
   -5   -21    -5
  -22    +0    +0
   +7   +16    +5
   +8    -5    -8
   -3   +17   +15
  +20   -14   -10
  -10   -11    -5
  -10    +8    +5
   +0    +0    -5
   +0   -13    +0
   -2   +11    +5
  +20    +2    +3
  -18   +17   -15
   +8   -12    +0
  -15   -28    +0
   +5   +33   +12
   -3    -5   -10
   -7    +3    -2
   +5   -13    -5
   +7   +10   +12
   +3   -13    +0
   -8   +13    +3
   +8    -5    -5
   -5    +3    +5
   -3    -5    +5
   -2    -3    -3
   -8    +3    -7
  +13    +2   +12
   +0   +10    -2
  -10   -12    -8
  +20   +12   +13
  -15   -12    -3
   +5    +0    +3
  +12    +2   -13
  -10   -13    +5
   +8    +0    +5
  -10   +11    -5
   +5    -3    +0
   -5    -3    +5
  +10   +13    -5
  -15    +0    -2
   +5    -7    +2
   +5    +7    +0
   +5    -7    +3
  -20    +2    -8
  +17    +3    +3
  -15   +14   +12
  +10   -12   -15
   -2   +19    +5
   +0   -26    -5
  +10   +10    +5
   -3    -5    +5
  -17    +0   -15
  +15   -14   +18
   -3    +6    -3
  -10    +5   +10
   +5    -8   -25
   -2    +8    +8
  +10    +8    +5
   -8    -3    -5
   +5    -7    +0
   +0    +2    -5
   -7    -8    +0
   -3   +18   +22
   +5    -5   -15
  +13    +3    +3
  -10    -5    +0
   -3    -5    +0
  +10    -3    +2
