 +481 +5401 -1210
 +478 +5403 -1210
 +481 +5401 -1210
 +473 +5398 -1212
 +468 +5395 -1215
 +461 +5377 -1220
Go!
 +476 +5395 -1205
 +473 +5390 -1217
 +478 +5387 -1225
 +456 +5380 -1225
 +458 +5382 -1222
 +456 +5377 -1217
 +461 +5375 -1220
 +453 +5377 -1225
 +438 +5390 -1242
 +473 +5385 -1227
 +461 +5377 -1227
 +456 +5375 -1232
 +458 +5380 -1225
 +461 +5377 -1237
 +451 +5377 -1225
 +443 +5377 -1222
 +456 +5385 -1225
 +456 +5375 -1235
 +451 +5385 -1225
 +463 +5395 -1230
 +456 +5385 -1227
 +456 +5377 -1227
 +468 +5380 -1245
 +471 +5387 -1242
 +463 +5385 -1230
 +451 +5371 -1222
 +463 +5382 -1222
 +456 +5368 -1225
 +463 +5368 -1237
 +468 +5395 -1235
 +466 +5375 -1237
 +487 +5377 -1235
 +478 +5375 -1230
 +478 +5375 -1257
 +443 +5361 -1250
 +458 +5380 -1240
 +448 +5371 -1255
 +478 +5375 -1245
 +483 +5368 -1250
 +490 +5371 -1245
 +453 +5377 -1245
 +453 +5356 -1250
 +443 +5366 -1242
 +471 +5358 -1247
 +473 +5368 -1240
 +471 +5377 -1240
 +438 +5375 -1245
 +428 +5371 -1252
 +443 +5368 -1245
 +478 +5380 -1242
 +492 +5375 -1252
 +492 +5368 -1252
 +458 +5382 -1262
 +458 +5371 -1285
 +471 +5380 -1277
 +502 +5380 -1255
 +510 +5377 -1267
 +517 +5375 -1257
 +492 +5390 -1265
 +466 +5380 -1285
 +481 +5382 -1287
 +510 +5382 -1272
 +537 +5368 -1275
 +527 +5375 -1292
 +520 +5385 -1287
 +487 +5380 -1295
 +473 +5366 -1300
 +478 +5368 -1302
 +532 +5371 -1290
 +530 +5368 -1300
 +550 +5375 -1287
 +492 +5368 -1317
 +478 +5366 -1325
 +492 +5375 -1317
 +545 +5377 -1300
 +547 +5382 -1312
 +555 +5366 -1297
 +483 +5368 -1312
 +478 +5358 -1327
 +481 +5380 -1322
 +535 +5377 -1310
 +555 +5361 -1305
 +557 +5358 -1325
 +481 +5377 -1332
 +481 +5368 -1335
 +478 +5361 -1342
 +547 +5368 -1325
 +555 +5366 -1322
 +560 +5363 -1315
 +490 +5366 -1345
 +490 +5375 -1332
 +490 +5368 -1330
 +568 +5358 -1325
 +565 +5358 -1340
 +565 +5345 -1332
 +483 +5361 -1347
 +483 +5368 -1355
 +481 +5350 -1352
 +550 +5358 -1330
 +586 +5361 -1337
 +562 +5353 -1332
 +535 +5361 -1345
 +476 +5358 -1357
 +492 +5368 -1367
 +550 +5356 -1355
 +593 +5345 -1332
 +601 +5368 -1347
 +608 +5358 -1337
 +497 +5353 -1365
 +490 +5363 -1365
 +502 +5366 -1357
 +613 +5363 -1350
 +616 +5377 -1342
 +618 +5375 -1337
 +492 +5371 -1362
 +487 +5361 -1365
 +500 +5371 -1362
 +643 +5368 -1340
 +646 +5350 -1332
 +643 +5366 -1345
 +497 +5358 -1380
 +478 +5361 -1380
 +481 +5363 -1375
 +655 +5371 -1315
 +652 +5358 -1320
 +638 +5375 -1302
 +456 +5358 -1370
 +463 +5368 -1357
 +471 +5377 -1360
 +680 +5392 -1292
 +667 +5375 -1307
 +643 +5390 -1307
 +456 +5363 -1372
 +453 +5361 -1380
 +443 +5358 -1380
 +677 +5377 -1302
 +682 +5368 -1307
 +692 +5371 -1300
 +492 +5377 -1382
 +453 +5366 -1392
 +458 +5361 -1390
 +638 +5380 -1335
 +707 +5382 -1310
 +712 +5382 -1302
 +643 +5375 -1347
 +448 +5366 -1402
 +438 +5358 -1405
 +478 +5377 -1400
 +731 +5385 -1292
 +748 +5385 -1277
 +738 +5392 -1290
 +421 +5368 -1417
 +431 +5385 -1407
 +423 +5375 -1407
 +771 +5398 -1272
 +763 +5403 -1255
 +771 +5401 -1272
 +406 +5398 -1412
 +390 +5368 -1440
 +411 +5371 -1420
 +806 +5403 -1245
 +791 +5416 -1247
 +791 +5416 -1235
 +392 +5368 -1452
 +385 +5366 -1442
 +380 +5363 -1440
 +817 +5403 -1217
 +803 +5408 -1215
 +830 +5408 -1195
 +355 +5375 -1477
 +357 +5363 -1475
 +340 +5368 -1492
 +830 +5413 -1165
 +832 +5416 -1185
 +847 +5448 -1155
 +421 +5403 -1460
 +402 +5387 -1470
 +357 +5377 -1505
 +776 +5398 -1200
 +855 +5437 -1155
 +845 +5443 -1142
 +540 +5395 -1350
 +362 +5375 -1470
 +360 +5371 -1467
 +626 +5408 -1280
 +817 +5425 -1152
 +837 +5430 -1157
 +870 +5446 -1155
 +390 +5382 -1475
 +387 +5382 -1475
 +362 +5387 -1475
 +835 +5446 -1155
 +825 +5453 -1150
 +812 +5430 -1157
 +382 +5385 -1410
 +392 +5387 -1410
 +400 +5395 -1415
 +756 +5413 -1195
 +758 +5413 -1187
 +712 +5406 -1215
 +406 +5387 -1372
 +382 +5382 -1382
 +406 +5377 -1370
 +717 +5401 -1227
 +705 +5401 -1235
 +697 +5395 -1242
 +423 +5392 -1365
 +441 +5382 -1347
 +428 +5380 -1345
 +667 +5406 -1242
 +655 +5395 -1240
 +641 +5392 -1255
 +428 +5377 -1342
 +431 +5371 -1342
 +433 +5375 -1322
 +628 +5385 -1237
 +613 +5385 -1235
 +626 +5392 -1212
 +492 +5382 -1280
 +461 +5368 -1322
 +451 +5387 -1295
 +557 +5392 -1252
 +583 +5387 -1247
 +583 +5392 -1242
 +532 +5375 -1260
 +461 +5375 -1290
 +446 +5380 -1292
 +476 +5395 -1290
 +568 +5392 -1260
 +555 +5377 -1265
 +542 +5363 -1262
 +421 +5358 -1310
 +418 +5363 -1270
 +428 +5377 -1255
 +522 +5382 -1242
 +507 +5377 -1235
 +510 +5375 -1247
 +436 +5368 -1280
 +438 +5363 -1277
 +428 +5368 -1292
 +512 +5368 -1262
 +492 +5356 -1265
 +510 +5371 -1255
 +433 +5375 -1275
 +441 +5366 -1272
 +438 +5377 -1285
 +481 +5375 -1267
 +495 +5377 -1260
 +492 +5375 -1252
 +436 +5371 -1260
 +438 +5366 -1275
 +441 +5371 -1270
 +490 +5377 -1250
 +500 +5375 -1260
 +505 +5375 -1252
 +453 +5377 -1280
 +451 +5371 -1272
 +461 +5368 -1277
 +473 +5363 -1260
 +490 +5380 -1255
 +487 +5380 -1242
 +463 +5375 -1265
 +441 +5377 -1255
 +451 +5363 -1245
 +473 +5356 -1247
 +451 +5382 -1227
 +456 +5366 -1222
 +446 +5371 -1215
 +413 +5356 -1237
 +406 +5356 -1247
 +418 +5366 -1225
 +453 +5361 -1225
 +446 +5361 -1230
 +446 +5361 -1232
 +428 +5368 -1245
 +433 +5371 -1230
 +431 +5356 -1222
 +463 +5356 -1237
 +461 +5356 -1230
 +453 +5356 -1227
 +446 +5363 -1237
 +453 +5350 -1260
 +458 +5363 -1250
 +507 +5361 -1242
 +500 +5377 -1237
 +507 +5356 -1245
 +473 +5342 -1250
 +481 +5356 -1245
 +478 +5350 -1240
 +492 +5350 -1237
 +473 +5337 -1257
 +481 +5350 -1257
 +476 +5335 -1252
 +478 +5335 -1235
 +476 +5330 -1260
 +505 +5350 -1255
 +492 +5318 -1252
 +490 +5335 -1260
 +483 +5316 -1262
 +456 +5318 -1260
 +473 +5321 -1255
 +487 +5326 -1250
 +478 +5321 -1245
 +492 +5330 -1255
 +487 +5318 -1265
 +476 +5335 -1255
 +471 +5313 -1240
 +495 +5326 -1257
 +517 +5318 -1230
 +507 +5332 -1235
 +515 +5335 -1230
 +505 +5330 -1222
 +507 +5332 -1212
 +497 +5345 -1215
 +507 +5350 -1202
 +515 +5353 -1212
 +512 +5377 -1185
 +497 +5377 -1180
 +487 +5380 -1177
 +478 +5392 -1172
 +487 +5390 -1172
 +487 +5390 -1177
 +461 +5387 -1177
 +461 +5366 -1192
 +428 +5395 -1175
 +436 +5395 -1167
 +443 +5377 -1160
 +438 +5387 -1167
 +428 +5385 -1170
 +428 +5375 -1177
 +433 +5380 -1167
 +433 +5371 -1185
 +441 +5368 -1180
 +438 +5371 -1175
 +416 +5375 -1185
 +431 +5368 -1172
 +431 +5377 -1182
 +441 +5371 -1192
 +448 +5366 -1190
 +466 +5380 -1192
 +463 +5377 -1210
 +456 +5380 -1185
 +453 +5375 -1187
 +468 +5385 -1190
 +463 +5382 -1182
 +468 +5377 -1182
 +453 +5380 -1185
 +458 +5377 -1182
 +458 +5380 -1190
 +448 +5385 -1175
 +466 +5371 -1172
 +451 +5390 -1172
 +456 +5392 -1180
 +456 +5387 -1187
 +456 +5371 -1180
 +461 +5377 -1187
 +461 +5385 -1175
 +458 +5398 -1177
 +456 +5377 -1177
 +461 +5382 -1180
 +461 +5398 -1175
 +453 +5377 -1172
 +451 +5387 -1187
